4.744067519636624 4.744067519636624
5.5759468318620975 5.5759468318620975
5.0138168803582195 5.0138168803582195
4.724415914984484 4.724415914984484
4.118273996694524 4.118273996694524
5.229470565333281 5.229470565333281
4.187936056313463 4.187936056313463
6.4588650039103985 6.4588650039103985
6.818313802505147 6.818313802505147
3.9172075941288886 3.9172075941288886
5.958625190413323 5.958625190413323
4.644474598764522 4.644474598764522
4.840222805469661 4.840222805469661
6.627983191463305 6.627983191463305
2.3551802909894346 2.3551802909894346
2.4356464985077038 2.4356464985077038
2.1010919872016287 2.1010919872016287
6.16309922773969 6.16309922773969
5.890783754749252 5.890783754749252
6.3500607412340955 6.3500607412340955
6.89309171116382 6.89309171116382
5.995792821083618 5.995792821083618
4.30739681126466 4.30739681126466
5.902645881432277 5.902645881432277
2.5913721293446663 2.5913721293446663
5.19960510663762 5.19960510663762
2.716766437045232 2.716766437045232
6.7233445852479194 6.7233445852479194
4.6092416087503585 4.6092416087503585
4.073309699952618 4.073309699952618
3.322778060523135 3.322778060523135
5.871168447171083 5.871168447171083
4.280751661082743 4.280751661082743
4.842169744343242 4.842169744343242
2.093949002181776 2.093949002181776
5.0881774853793855 5.0881774853793855
5.060478613612107 5.060478613612107
5.084669984373784 5.084669984373784
6.718740392573121 6.718740392573121
5.409101495517417 5.409101495517417
3.79753950286893 3.79753950286893
4.185159768996707 4.185159768996707
5.488155979636325 5.488155979636325
2.301127358146349 2.301127358146349
5.333833577228338 5.333833577228338
5.3531893480907975 5.3531893480907975
3.0519128053692044 3.0519128053692044
2.6446314882742668 2.6446314882742668
3.577141754620919 3.577141754620919
3.8185538547131133 3.8185538547131133
4.850983852089398 4.850983852089398
4.193007567311602 4.193007567311602
6.941869190296131 6.941869190296131
2.5102240537401403 2.5102240537401403
3.0443837804741736 3.0443837804741736
2.8065475894249814 2.8065475894249814
5.265541627326992 5.265541627326992
3.2664580126989105 3.2664580126989105
4.331553864281531 4.331553864281531
3.222127960008014 3.222127960008014
2.7948479182275987 2.7948479182275987
2.5518757058215256 2.5518757058215256
5.281647947326367 5.281647947326367
2.690914756743069 2.690914756743069
2.9829118084002673 2.9829118084002673
3.8436258533048204 3.8436258533048204
6.104966149239676 6.104966149239676
2.4855063789653062 2.4855063789653062
6.189724537494019 6.189724537494019
2.4804920394698153 2.4804920394698153
6.882297325066979 6.882297325066979
4.343256008238508 4.343256008238508
6.883805440951686 6.883805440951686
5.02422759872523 5.02422759872523
5.696317896991508 5.696317896991508
2.1959389612716036 2.1959389612716036
3.414034812882048 3.414034812882048
2.6009828060658444 2.6009828060658444
3.4807009876107244 3.4807009876107244
2.59363859477122 2.59363859477122
3.58991589696988 3.58991589696988
4.07131497257335 4.07131497257335
2.320737481743922 2.320737481743922
5.4623605968500994 5.4623605968500994
4.8330072710328755 4.8330072710328755
3.326947454697227 3.326947454697227
4.616240267333499 4.616240267333499
2.4697025537922084 2.4697025537922084
4.879732477780896 4.879732477780896
6.646480987881071 6.646480987881071
3.592844762256618 3.592844762256618
5.337051899818409 5.337051899818409
2.6589893120219608 2.6589893120219608
5.5816360205928275 5.5816360205928275
3.4470304647360055 3.4470304647360055
2.915956810035584 2.915956810035584
4.932564674050416 4.932564674050416
2.100537730937468 2.100537730937468
6.144700146086816 6.144700146086816
2.0234773809627353 2.0234773809627353
